
    91408 PTRO Koror, Palau Is Observations at 00Z 19 Jul 2011

-----------------------------------------------------------------------------
   PRES   HGHT   TEMP   DWPT   RELH   MIXR   DRCT   SKNT   THTA   THTE   THTV
    hPa     m      C      C      %    g/kg    deg   knot     K      K      K 
-----------------------------------------------------------------------------
 1007.0     33   26.8   24.1     85  19.19      0      0  299.4  355.7  302.8
 1000.0     97   26.4   22.5     79  17.50    260      7  299.6  350.9  302.7
  990.0    186   26.0   23.3     85  18.59    262      8  300.0  354.7  303.3
  976.7    305   24.9   23.0     89  18.47    265      9  300.1  354.4  303.4
  953.0    521   23.0   22.4     96  18.27    272     13  300.2  354.0  303.5
  943.4    610   22.5   21.5     94  17.43    275     14  300.6  352.0  303.8
  925.0    782   21.6   19.7     89  15.88    280     12  301.4  348.3  304.2
  913.0    896   20.8   19.0     89  15.39    276     12  301.7  347.3  304.5
  911.1    914   20.8   18.8     88  15.21    275     12  301.8  346.9  304.6
  885.0   1166   20.0   15.7     76  12.84    275     13  303.6  341.9  305.9
  879.6   1219   19.8   15.4     76  12.67    275     13  303.9  341.8  306.2
  854.0   1474   18.8   14.0     74  11.90    284     12  305.4  341.3  307.6
  850.0   1514   18.2   13.2     73  11.34    285     12  305.2  339.4  307.3
  849.0   1524   18.1   13.1     73  11.25    285     12  305.2  339.1  307.2
  837.0   1646   16.4   11.4     72  10.21    297     12  304.6  335.5  306.5
  819.2   1829   16.2   11.7     75  10.64    315     13  306.3  338.6  308.3
  818.0   1842   16.2   11.7     75  10.67    314     13  306.4  338.8  308.4
  804.0   1988   14.8   12.5     86  11.45    302     11  306.5  341.2  308.6
  790.3   2134   14.1   11.1     82  10.59    290     10  307.2  339.4  309.1
  782.0   2223   13.6   10.2     80  10.09    293     10  307.6  338.4  309.5
  762.3   2438   12.4   10.6     89  10.66    300     10  308.6  341.2  310.6
  759.0   2475   12.2   10.7     91  10.76    299     10  308.7  341.7  310.7
  735.0   2743   10.8    8.8     87   9.78    295      8  310.1  340.3  311.9
  708.6   3048    9.3    6.7     84   8.77      0      1  311.7  339.0  313.3
  700.0   3150    8.8    6.0     83   8.45     50      5  312.2  338.6  313.8
  685.0   3329    8.0    4.9     81   7.99     32     12  313.2  338.4  314.8
  683.0   3353    7.8    4.8     81   7.97     30     13  313.3  338.4  314.8
  658.1   3658    5.2    3.8     90   7.69     40     15  313.7  338.0  315.2
  656.0   3685    5.0    3.7     91   7.67     40     15  313.8  338.0  315.2
  648.0   3785    4.6    4.4     99   8.16     42     17  314.4  340.2  315.9
  634.0   3962    3.6    3.4     98   7.76     45     19  315.2  339.9  316.7
  610.6   4267    1.9    1.6     98   7.11     25     13  316.7  339.5  318.1
  593.0   4504    0.6    0.3     98   6.64     37     16  317.8  339.2  319.1
  565.9   4877   -1.0   -1.4     97   6.12     55     20  320.2  340.2  321.4
  524.3   5486   -3.6   -4.3     95   5.33     60     17  324.1  341.9  325.2
  523.0   5506   -3.7   -4.4     95   5.31     60     17  324.3  342.0  325.3
  500.0   5860   -5.9   -7.7     87   4.31     55     13  325.8  340.4  326.6
  485.0   6096   -7.2   -9.6     83   3.84     45     13  327.0  340.2  327.8
  448.2   6706  -10.6  -14.3     74   2.83     80     20  330.2  340.2  330.8
  417.0   7264  -13.7  -18.7     66   2.11     90     16  333.1  340.7  333.5
  400.0   7580  -15.5  -20.5     66   1.88     95     14  334.8  341.6  335.1
  397.9   7620  -15.8  -20.8     65   1.84     95     14  334.9  341.7  335.3
  357.0   8429  -20.9  -26.9     59   1.19     87     20  338.6  343.1  338.8
  323.5   9144  -26.3  -33.5     51   0.71     80     25  340.7  343.5  340.9
  300.0   9690  -30.5  -38.5     45   0.46     85     28  342.3  344.1  342.4
  250.0  10960  -41.3  -51.3     33   0.14     90     33  344.5  345.1  344.6
  234.0  11404  -45.1  -57.1     25   0.07     93     36  345.4  345.7  345.4
  200.0  12430  -53.9  -65.9     22   0.03    100     44  347.2  347.4  347.3
  150.0  14210  -69.5  -78.5     26   0.01     65     58  350.2  350.2  350.2
  147.0  14330  -70.7  -78.7     30   0.01     67     58  350.1  350.2  350.1
  132.6  14935  -74.3  -82.3     28   0.00     75     61  354.1  354.1  354.1
  131.0  15007  -74.8  -82.8     28   0.00     75     61  354.6  354.6  354.6
  129.0  15097  -75.3  -83.3     28   0.00     81     59  355.2  355.2  355.2
  125.9  15240  -75.0  -83.0     28   0.00     90     56  358.1  358.2  358.1
  124.0  15326  -74.9  -82.9     28   0.00     94     53  359.9  360.0  359.9
  118.0  15613  -76.7  -83.7     32   0.00    108     43  361.8  361.8  361.8
  115.0  15762  -76.3  -83.3     32   0.00    116     37  365.2  365.2  365.2
  113.2  15850  -76.8  -83.8     32   0.00    120     34  365.9  365.9  365.9
  110.0  16017  -77.7  -84.7     32   0.00    117     31  367.2  367.2  367.2
  107.4  16154  -78.3  -85.3     32   0.00    115     29  368.5  368.5  368.5
  100.0  16560  -80.3  -87.3     31   0.00     85     44  372.3  372.4  372.3
   96.5  16764  -80.4  -87.4     31   0.00     90     43  376.0  376.0  376.0
   93.7  16929  -80.5  -87.5     31   0.00     82     34  378.9  378.9  378.9
   91.4  17069  -77.9  -85.3     29   0.00     75     26  386.8  386.8  386.8
   88.8  17237  -74.7  -82.7     28   0.00     39     20  396.4  396.4  396.4
   86.7  17374  -74.9  -82.9     28   0.00     10     15  398.7  398.7  398.7
   82.3  17678  -75.3  -83.3     28   0.00      0     16  403.8  403.8  403.8
   80.5  17809  -75.5  -83.5     28   0.00     39     16  406.0  406.0  406.0
   78.1  17983  -74.1  -82.4     27   0.01     90     15  412.4  412.4  412.4
   74.2  18288  -71.6  -80.6     25   0.01     95     23  423.8  423.8  423.8
   74.0  18303  -71.5  -80.5     25   0.01     95     23  424.3  424.4  424.3
   70.4  18597  -73.7  -81.7     29   0.01     95     26  425.7  425.7  425.7
   70.4  18593  -73.7  -81.7     29   0.01     95     26  425.7  425.7  425.7
   70.0  18630  -73.1  -81.1     29   0.01     95     26  427.7  427.7  427.7
   66.9  18898  -71.3  -79.8     28   0.01     95     18  437.1  437.2  437.1
   63.5  19202  -69.3  -78.2     26   0.01     90     19  448.1  448.1  448.1
   63.2  19232  -69.1  -78.1     26   0.01     91     20  449.1  449.2  449.1
   61.5  19396  -66.3  -76.3     23   0.02     93     27  458.9  459.0  458.9
   60.4  19507  -66.1  -76.3     23   0.02     95     32  461.7  461.8  461.7
   55.5  20016  -65.3  -76.3     20   0.02    108     20  474.8  475.0  474.8
   54.6  20117  -65.8  -76.8     20   0.02    110     18  475.9  476.1  475.9
   53.7  20216  -66.3  -77.3     20   0.02    105     20  477.0  477.1  477.0
   52.0  20411  -64.3  -76.3     18   0.02     96     25  486.1  486.2  486.1
   51.9  20422  -64.3  -76.3     18   0.02     95     25  486.4  486.5  486.4
   50.0  20650  -63.7  -76.7     15   0.02    105     23  492.9  493.1  493.0
   49.4  20726  -63.6  -76.9     15   0.02    125     17  494.8  495.0  494.8
   47.6  20952  -63.5  -77.5     13   0.02    138     12  500.4  500.6  500.4
   44.7  21336  -61.1  -78.8      8   0.02    160      3  515.1  515.3  515.1
   43.8  21468  -60.3  -79.3      7   0.02    186      6  520.3  520.4  520.3
   40.6  21946  -60.0  -84.9      3   0.01    280     15  532.6  532.7  532.6
   40.0  22035  -59.9  -85.9      2   0.01    283     14  534.9  535.0  534.9
   38.6  22250  -61.1  -88.1      2   0.00    290     11  537.2  537.3  537.2
   37.3  22470  -62.3  -90.3      1   0.00    335     12  539.6  539.6  539.6
   36.6  22587  -61.7  -91.7      1   0.00    359     12  544.0  544.1  544.0
   35.0  22860  -60.6                          55     13  553.7         553.7
   33.4  23165  -59.4                         100     15  564.7         564.7
   33.2  23195  -59.3                         101     15  565.8         565.8
   31.8  23470  -59.6                         110     20  572.1         572.1
   30.3  23774  -59.8                          80      8  579.4         579.4
   30.3  23768  -59.9                          81      8  579.1         579.1
   30.0  23830  -59.3                          85      9  582.4         582.4
   28.8  24079  -57.6                         105     19  593.6         593.6
   27.8  24310  -56.1                         109     28  604.1         604.1
   27.5  24384  -56.0                         110     31  606.4         606.4
   25.6  24834  -55.5                         104     35  620.2         620.2
   23.6  25350  -57.1                          97     39  630.1         630.1
   22.6  25625  -55.1                          93     42  643.9         643.9
   20.6  26213  -56.8                          85     47  655.9         655.9
   20.3  26306  -57.1                          83     49  657.9         657.9
   20.0  26400  -56.7                          80     52  661.9         661.9
   18.9  26760  -54.5                          84     60  679.5         679.5
   17.7  27179  -55.5                          88     69  689.2         689.2
   17.0  27432  -54.5                          90     75  700.1         700.1
   15.7  27948  -52.5                          86     85  723.0         723.0
   15.5  28042  -52.4                          85     87  726.4         726.4
   13.0  29171  -51.1                          87     93  767.9         767.9
   12.4  29480  -48.7                          88     95  786.8         786.8
   10.7  30480  -47.4                          90    100  826.3         826.3
   10.5  30576  -47.3                          90    100  830.2         830.2
   10.0  30900  -45.3                          90    101  849.3         849.3
    9.7  31104  -43.9                          90    101  862.0         862.0
    9.3  31386  -43.9                          90    101  872.5         872.5
    8.5  32004  -38.7                          90    102  915.6         915.6
    8.4  32078  -38.1                                     920.9         920.9


      Station information and sounding indices

                         Station identifier: PTRO
                             Station number: 91408
                           Observation time: 110719/0000
                           Station latitude: 7.33
                          Station longitude: 134.48
                          Station elevation: 33.0
                            Showalter index: 1.24
                               Lifted index: -4.18
    LIFT computed using virtual temperature: -4.59
                                SWEAT index: 195.40
                                    K index: 34.50
                         Cross totals index: 19.10
                      Vertical totals index: 24.10
                        Totals totals index: 43.20
      Convective Available Potential Energy: 1846.51
             CAPE using virtual temperature: 1997.72
                      Convective Inhibition: -2.11
             CINS using virtual temperature: -0.90
                           Equilibrum Level: 133.77
 Equilibrum Level using virtual temperature: 133.74
                   Level of Free Convection: 921.23
             LFCT using virtual temperature: 934.56
                     Bulk Richardson Number: 140.80
          Bulk Richardson Number using CAPV: 152.33
  Temp [K] of the Lifted Condensation Level: 295.54
Pres [hPa] of the Lifted Condensation Level: 949.19
     Mean mixed layer potential temperature: 299.99
              Mean mixed layer mixing ratio: 18.34
              1000 hPa to 500 hPa thickness: 5763.00
Precipitable water [mm] for entire sounding: 59.06
